487 365 10 0 1439
1185 95 2 1053 1166
2198 645 3 88 131
2020 848 4 1235 1243
2022 2491 4 902 922
1794 1070 3 393 409
1898 945 4 272 317
1611 2420 3 183 213
1199 770 3 961 975
1241 713 2 1418 1424
853 219 2 841 897
1922 1842 3 917 960
11 1192 2 578 676
2292 2132 2 922 991
850 1929 1 254 290
2405 1106 4 237 261
666 1605 1 1244 1275
45 1878 2 593 638
694 412 4 632 745
504 1523 2 325 344
1519 103 1 1143 1186
586 795 1 590 601
2195 801 2 1129 1202
2056 1709 3 990 1065
1321 436 1 956 963
1353 1248 3 598 713
1468 628 2 177 211
182 691 2 1309 1411
2088 2027 3 1315 1396
1798 1979 4 1177 1255
1661 612 4 536 588
1291 2156 2 1204 1298
2369 1062 3 693 802
2384 2203 4 1293 1338
725 1249 4 460 504
52 2313 4 645 680
1998 285 4 521 521
1655 560 1 1279 1363
1602 1869 4 1322 1428
1454 1094 2 321 331
982 1140 1 1206 1256
1844 2189 3 732 791
1026 942 2 159 199
1034 2138 3 313 325
22 2051 2 1110 1141
527 1295 2 343 389
80 2350 2 580 668
1849 800 4 1020 1086
2189 2126 3 617 683
1562 879 3 726 836
2266 1737 3 707 752
