1863 2295 10 0 1439
1969 1156 3 1437 1437
2158 1196 4 6 10
1974 813 1 919 977
1587 596 1 860 874
2314 2244 2 1189 1289
1031 2087 2 612 705
1362 1868 2 1162 1202
1323 1293 3 155 245
707 1847 2 111 171
115 641 3 712 731
2129 465 2 488 606
2135 1522 1 420 467
98 1107 4 43 61
201 1099 4 944 983
2220 349 3 709 774
1535 1543 2 470 494
594 738 1 1297 1376
2248 1888 1 500 518
2451 709 4 949 1031
239 4 3 597 681
634 2058 3 64 118
110 2281 4 529 575
1530 292 2 957 1043
153 37 1 1376 1427
1051 2386 4 1259 1335
1194 573 1 932 999
7 533 4 146 158
889 865 2 898 950
844 2430 1 1019 1066
925 9 4 418 433
521 2149 3 669 741
1877 1778 4 710 800
1889 62 3 868 868
2406 2058 1 488 494
1157 2198 2 1374 1380
15 1603 1 616 680
101 667 3 217 269
2339 2080 1 1239 1296
1466 1023 2 1215 1231
1549 2410 2 215 289
1278 642 2 995 999
314 1180 2 316 337
1426 2021 1 668 685
1079 61 4 926 1034
516 67 2 1299 1393
116 1988 1 301 303
1656 1687 2 1426 1429
2179 943 2 232 268
1761 1359 1 134 233
478 2447 1 863 949
535 837 3 1246 1361
677 484 1 296 367
120 547 2 807 879
181 680 4 298 312
425 1334 3 355 360
2022 378 1 47 129
1452 2402 3 1010 1019
123 2243 2 551 560
1325 1148 1 319 401
764 2032 2 144 198
1600 2177 3 589 692
2488 2110 3 1367 1391
902 2010 2 1213 1308
1708 568 2 1156 1244
1529 924 1 955 990
2159 507 3 568 661
459 1838 4 1238 1326
529 97 3 373 426
1479 1292 4 579 615
1187 750 4 727 838
1080 897 2 732 799
612 1108 4 1192 1206
1007 1652 1 998 1089
686 1763 1 1328 1348
2204 1196 3 1367 1374
2029 2044 1 610 616
1374 1522 1 398 501
1389 215 2 208 290
2379 1600 3 572 584
1561 1917 1 307 384
1364 1876 2 1374 1399
1874 415 3 1026 1101
1992 582 1 256 340
2243 1193 2 647 726
1787 1028 1 1295 1386
467 2410 1 723 830
1043 1996 4 234 330
1569 234 1 663 724
2318 1686 2 1186 1240
427 1119 1 1335 1335
1456 461 1 1272 1311
1887 1024 1 726 781
197 1180 2 610 720
487 1135 4 1254 1373
2267 129 4 938 1001
1187 335 1 1057 1078
283 1748 2 1263 1371
899 1710 1 1109 1132
2168 1496 1 469 539
923 2426 1 692 693
