1347 404 10 480 1199
1434 942 1 963 1054
1037 1693 3 1192 1192
2305 433 4 643 803
602 1883 4 1046 1055
2142 1876 4 819 1050
1499 519 3 795 965
1531 1390 4 831 936
1069 691 4 828 954
1156 852 1 899 925
743 2427 4 1108 1109
296 2177 1 890 908
1867 55 1 934 1164
520 2240 3 611 704
562 1005 1 829 903
314 531 1 860 870
1773 801 2 1045 1051
955 1518 4 567 660
1863 1549 4 804 969
1339 1943 2 1043 1162
2029 2036 3 960 1148
796 2217 4 1028 1120
165 232 3 762 825
746 882 4 653 784
1181 1768 1 782 922
1181 1110 4 1044 1172
294 422 1 569 602
2216 888 2 784 789
2102 2370 3 1176 1178
1223 1967 3 567 773
1373 673 2 820 986
385 2421 4 671 749
1783 176 3 1015 1081
1670 289 1 1057 1163
1019 615 2 852 1005
813 54 3 538 552
2478 922 3 904 960
270 1630 1 921 923
2031 180 2 957 986
84 1219 1 736 867
244 497 4 641 820
2060 481 3 666 744
421 939 4 655 805
1234 862 3 555 712
1561 196 4 1003 1097
2192 2270 1 703 847
2397 2272 4 1098 1129
135 1172 1 1093 1112
1484 2158 2 797 951
713 875 3 688 849
849 1408 4 598 617
