2362 1794 10 480 1199
1589 369 1 852 953
1405 1179 1 771 975
2291 149 3 649 727
1073 2170 1 1011 1058
441 1874 3 620 710
518 855 1 538 757
857 1674 4 912 988
1507 1830 3 494 545
1546 1928 1 543 745
752 205 2 605 738
1159 400 4 716 768
1119 459 3 1038 1190
1481 373 4 902 1124
646 2196 2 702 911
2041 1844 1 549 664
1972 1359 1 713 796
1520 1028 3 975 1002
848 2297 3 992 1167
2334 906 4 908 1003
2284 1065 3 520 702
744 1823 2 569 590
53 128 2 836 884
367 2093 4 517 525
712 1356 2 1028 1096
2175 1196 1 1158 1185
439 2042 1 831 1010
1974 2022 2 487 531
1822 1343 1 879 987
1358 2292 3 960 1116
1230 1072 1 741 769
9 1672 3 1185 1197
2237 2094 2 1106 1162
754 1059 2 1173 1184
2374 2304 1 1045 1114
36 1460 3 708 714
1464 694 3 652 843
1 679 2 1020 1057
183 2287 2 1149 1163
475 154 1 667 754
96 853 4 996 1080
216 1748 3 549 761
984 3 2 919 1148
1675 576 3 895 1101
328 1901 1 1163 1185
1220 2485 2 897 1058
788 2032 2 689 861
2300 2430 1 1157 1159
330 1760 3 792 938
1926 2070 1 759 781
630 1814 2 579 623
2469 1120 2 1034 1085
2347 1802 3 926 1114
275 581 3 1105 1161
2488 1157 4 1037 1087
1997 1167 1 587 728
1609 1886 4 1124 1156
949 1616 1 823 877
1943 468 1 636 683
1174 1579 4 585 750
262 74 1 595 681
932 1395 3 1001 1030
1137 992 2 1068 1158
268 1370 1 608 833
1566 1715 1 810 975
1545 691 1 1155 1156
1926 2050 1 545 618
1438 1534 4 1059 1082
1449 2137 2 1024 1096
379 780 1 624 727
2282 1436 3 1166 1189
509 354 1 752 879
426 1484 1 777 991
200 1556 2 1127 1131
1360 1538 3 1061 1186
1047 407 3 1183 1186
1888 2391 4 1094 1174
1530 282 4 943 1150
2461 1252 3 526 532
1739 194 2 1008 1059
59 2106 2 804 1036
2139 608 1 995 1118
2080 1349 4 1090 1095
1496 282 1 1101 1171
2076 1804 1 1109 1189
2157 1165 4 613 735
691 1051 2 901 1137
1023 1315 1 921 1019
1126 2435 1 543 633
1876 152 4 1158 1164
291 1333 1 998 1180
1059 2473 3 1195 1195
864 1876 1 1101 1145
1295 2307 1 743 781
132 1346 2 1119 1195
904 332 3 1088 1124
260 686 3 675 737
70 73 3 604 658
1512 1555 3 946 976
1312 1990 2 986 1078
2270 123 3 588 823
